Item 'knvmjjp' found at indices: [  3264508   4620205   5163781   6850869   7610266   7985495   8631818
   9095572  12950563  15086882  15850635  16668978  21183199  23661661
  28210576  28740322  29746042  30741286  31835667  32026819  32722405
  34676825  35952332  35959560  37362889  40022040  41679650  43384906
  46239145  46257608  46512216  47732164  53947610  58337908  58621107
  59249585  60824413  67825997  72730021  72859444  73284014  77052072
  77524482  83336938  83824927  86973138  87581537  88706505  89017268
  95482408  95808159  96387210  97576516  97801178 100992913 101902709
 102272818 110710867 111075026 114177936 114713549 115128923 115752198
 117478915 117493990 118714614 121467853 122732041 123203620 124695743
 126926260 128101479 128137618 132928580 138337934 138588917]
Item 'knvrt' found at indices: [  2261752   4356373   5727872   5890968   7079526   7361355   7672410
   8371278   8436762  10487362  10662470  10710360  12116456  13820701
  14495249  16012531  16091104  17858032  17925147  19687702  19699018
  19773221  19887260  19897893  20576819  23623107  23843374  24648833
  25455458  29457712  30370860  30782580  30843055  33154233  33369565
  33745803  33968998  34344052  35161938  37194625  41044103  41239350
  41678223  42467708  42702265  48395861  50256985  51161268  54821144
  56795214  56860166  57707197  58273092  58560184  63335467  66015789
  66250323  66655470  66843644  67435822  71171327  74801569  75721867
  78856363  79191635  82154678  83491722  84243456  85617359  86687716
  90102073  91507234  92119381  92164080  96167526  98012437  99667170
 100762007 102685103 103449529 103911621 105187643 105669205 106765645
 108598997 109322185 110165102 112676920 112840749 112958130 117067149
 118261708 121089126 121975754 124674971 126327684 126674131 127104875
 127914983 128711446 129488413 129505679 129525258 131373337 131716944
 132252952 132607888 133368812 134746819 134974172 136965421 137304456
 139487095]
Item 'knvonhmb' found at indices: [   429280   4357429   9504320  12203688  15067905  16122929  16734009
  17796898  18631403  19239427  20351024  21958079  23742335  23813110
  23836503  23995449  24069429  24556481  27456979  31001492  34513880
  40015301  40602135  41745314  43215530  43402521  44942594  47132686
  48032574  48834954  49892138  50292848  51097038  51236400  53052878
  55236634  57144427  57662986  59060106  59239713  59364219  60245976
  60529094  61326293  62263674  66853134  67595453  67856199  68891948
  69338241  71184435  71732696  72813879  73199809  75726003  78273610
  78662223  80488239  80697041  82325233  85199622  85527253  85544699
  86318460  87052626  87567461  88056234  88224250  89096998  90412263
  91338888  91651220  93039261  96273061  99624921 100192079 100528767
 100803533 101412467 101783876 101842567 102410161 104582612 107734682
 108802596 108841323 108947577 109086038 110096433 111021847 111057329
 111285496 112626919 114580310 116580605 122106001 122263154 129746700
 131511117 131847058 132358752 132532332 135136662 135865564 135880675
 136747351 136795423 137328759 138813716]
Item 'knvjlk' found at indices: [   251412   2510188   2936475   4321494   5382786   5712966   9257915
   9611634  10008192  12318870  12341315  15745601  15934414  20465107
  21528772  22557069  23177057  23661019  23847005  24685748  25823899
  28490716  31079485  31164139  33424219  37818626  38205766  38639849
  38937352  43288462  44189206  47521187  48571116  51052664  52057320
  52205906  52305658  52457054  53752933  54597126  59110948  59645548
  59993438  62733139  67093421  68422360  68728821  70581178  71537781
  74995751  75531754  75927640  76179929  77425197  78166492  80856983
  81644351  82008339  83192600  85487253  85926710  86333504  88641810
  90982121  91134856  91186191  92019152  92044044  94639873  94647492
  95583094  95877212  97968635 103676342 105200399 107311601 109167960
 109207084 109596710 109983584 110845912 111635803 113414580 115452245
 119400989 119470465 119760477 119911955 122811708 123697522 124188067
 127043187 127399533 127713399 130072528 131313142 132213918 132556545
 135145170 135294535 138228894 138436844 139227017]
Item 'knvts' found at indices: [    74618    343925    388015   1540201   2034424   2116860   2247392
   2307620   3098270   3425514   3559494   3900323   4118213   4308900
   4390551   4557541   4600261   4763393   5152004   5390295   5429616
   5733737   6172634   7184949   8003082   8041349   8091080   8373571
   8918847   9173932   9486980   9851037  10477101  11046606  11210033
  11273584  11817048  11948755  11969450  12615441  13619391  13804803
  14234872  14311472  14608992  14769712  14935908  14945909  15091480
  15098258  15138166  15284436  15343859  15386355  15411406  15494359
  15643064  15949565  16055648  16338369  16667620  16741996  16753628
  16914229  17325242  17600149  17693918  17760354  18225323  18481896
  18754065  19145088  19486700  19504932  19544137  19726101  19758844
  20082121  20205551  20306402  20935755  21466806  21498758  21585818
  22025322  22155184  22640429  22675322  22742635  22822028  23305849
  24479438  24518791  24663740  24666229  24876795  25053373  25278906
  25929621  26189120  26382053  26938240  27055233  27852228  28287204
  28450877  28628217  28698882  28733868  28931475  29006316  29838852
  29854227  29949641  30640152  31007694  31253098  31563014  31658914
  31823434  32132112  32204635  33138882  33442754  33723102  34236337
  34555861  34727076  36220637  36277193  36319736  36441648  36507063
  36606697  36716170  37507762  38093675  38501565  38596326  38726887
  38830215  39025095  39053656  39422442  39500239  39505288  39829036
  40558717  40925372  41046935  41083445  41110350  41343415  42560296
  42664463  43066297  43173828  43364777  43562450  43928993  44011861
  44652028  44660940  45785884  45873610  45986769  46117759  46143015
  46668393  46768225  47331933  47498264  47777911  48511230  48782403
  49016005  49304998  49349110  49567486  49661983  49692747  50022813
  50193473  50281700  50380362  51101613  51776294  52135629  52601024
  53028146  53374847  53596474  53604606  54011725  54946101  55671120
  55762056  55980523  55985943  56369840  56476791  56544639  57373069
  57412638  57436716  57488071  57562746  57711978  58120991  58122669
  58123091  58458273  58551082  58896890  58909859  59316226  59457964
  59869271  60865624  61170698  61270832  61347168  62351733  62712642
  63106237  63288922  63292454  64440244  64656559  64665456  64918398
  65081954  65150612  65199996  65366489  65510079  65519549  66161383
  66565595  67124832  67253090  67375004  67544975  67731624  68201387
  68390466  68648026  68672343  68774425  69004991  69091806  69248346
  69305286  69359949  69560304  70512172  71031060  71447618  71459321
  71564140  71873848  71965627  72107038  72123027  72202425  72474928
  72563602  72935634  73657508  74295395  74310720  74415253  74834893
  75462614  75462881  75539753  76075798  76171708  76708851  76857678
  77107656  77162376  77208873  77493767  77675477  77732775  78227686
  78413836  78508142  78714539  79037666  79330331  79515552  79548669
  80031659  80167721  80373460  80970832  81219408  81347042  81347399
  82156442  82158701  82264507  82635877  82979260  83738806  83748136
  84059184  84668520  84832771  84937919  85231848  85814143  86099630
  86216667  86359957  86455594  86551514  86603789  86604310  86673807
  86871134  87191210  87357488  87391694  87566033  87588970  87641894
  88196655  88303093  89039572  89248080  89522988  89666474  89739203
  90105442  90119597  90247503  90536547  90540204  92051661  92219434
  92713884  93093486  93128285  93255313  93416061  94089509  94439079
  94467770  94991648  95035853  95263409  96172864  96286217  96339091
  96354378  96905596  96907435  97182954  97323199  97649225  97945698
  98787002  99158391  99221435  99284812  99414819  99632555 100625257
 101180683 101190751 101845989 101926121 103008788 103253593 103394644
 103446576 103569104 103735692 103928972 104050557 104660981 104784855
 105084483 105337994 105364897 105462639 105877802 105948831 105980320
 106166476 106213699 106605415 106646491 106710458 106993219 107119594
 107186610 107302400 107464479 108050167 108158264 108327351 108622974
 109251998 109257714 109269929 109529756 109925773 109935656 110009917
 110458826 110539158 110625240 110888901 110974480 110981792 111235012
 112477204 112804502 113064496 113197401 113350118 113527071 113699414
 113850036 114173399 114192680 114211454 114268617 114336470 114387599
 114553307 114568263 114951972 114954508 115421190 115874548 116125261
 116183569 116213245 116256818 116779819 117066456 117259876 118236445
 118247561 118435969 118505511 118752827 118758603 119909452 119931354
 120097390 120121193 120257589 120308800 120816875 121768471 121786314
 122009201 122196057 122848484 123814868 123852627 123924779 124085046
 124229021 124400359 124539229 125143757 125520655 125585021 126099935
 126181331 126227426 127014450 127119018 127366534 127685421 128108506
 128173664 128394297 128468599 128681218 128897791 129306868 129321029
 129647581 130263796 130929136 131049829 131254182 131471197 131474038
 131855852 131987504 132511944 132791920 133089049 133215581 133676688
 133724081 133912718 134102344 134853071 134907265 135261123 135466878
 135666647 135776430 135896018 135920325 136117931 136512717 136624608
 136710096 136776656 137180900 137651921 137773659 138013257 138018977
 138174922 138191071 138331221 138500250 138786126 139212100 139299773
 139496632 139509013]
Item 'knvfrly' found at indices: [  1003133   4469238   6416974   9082979  11918578  12877855  13045222
  13892107  15141279  16879624  17483718  20065527  20946104  21568973
  21728018  23404931  25383567  31348452  31795163  32075456  34148521
  35179837  35331070  36993287  38495345  38846287  40689517  40703287
  41479730  45008119  45236219  47845233  48623435  49368240  50533529
  52525438  53055180  53250674  54706408  54820761  59235457  62488536
  69589883  70871288  71156661  73939396  76061059  77344651  77557639
  78952886  79322464  79948875  81101846  82636513  85535819  88325914
  88506220  88683066  91874030  92640276  92896573  94825209  97467810
 101004141 103696039 105149867 105678709 106892544 108488632 109616838
 114596141 119189120 119300283 125697797 127938650 128758732 132862866
 136043031 137261104 138037549 139588513]
Item 'knvzgas' found at indices: [    32027    773786    902451   2790540   3822886   4948071   8770182
   9227357   9585665   9704421  11116570  11756404  11993689  12102161
  12391729  14044032  18757842  20035510  21808797  21943631  22129715
  23372696  23597207  25044075  25850394  30835772  33068209  36996374
  37431460  39555715  41690507  42509927  43425465  45729738  47005592
  49247668  49865211  51726604  52148913  53832792  54249062  55425115
  55609016  56519975  57221314  62187530  64029215  65708453  65926547
  67486603  67716373  70008569  71428570  75570971  80750273  83356884
  83405794  84424260  84571621  86954875  88906256  90011170  91171031
  96794715 100124118 101424813 101426334 102456330 103394668 105030073
 106882901 108276231 113613986 115316483 117857933 119929231 120407770
 120475914 123087493 123528950 126585778 129508533 131904343 132546968
 134051565 135839064 137053627 137773412]
Item 'knvmt' found at indices: [   478798   3171358   6058949  11088611  11810488  11815614  16173881
  19555673  20694524  22429929  24581970  27002282  27615712  29007286
  31244347  33661508  34773606  37047991  37178510  39058951  46590376
  47029748  49450273  53275992  56535197  58572411  62460246  62572003
  63977968  72840101  75999762  76038810  77386298  78408033  78677874
  78754737  82655590  82821044  83452489  90833521  91017076  91750035
  92518811  94128331  94798937  97533217  99244153 100200701 102188029
 109151493 114310017 115606638 115810476 116992642 119615495 124853989
 127303095 130617444 130857768 133004880 133136892 133383780 133742452
 134021113 135725604 138592048 139349625 139665587]
Item 'knvhgy' found at indices: [  2303297   3876111   3878256   4019516   6829989   8775380  10744564
  12338734  12516438  14519552  16986633  17992156  18803728  19220611
  19506799  22261400  22309419  22706329  23658989  24611021  24676132
  25679259  27758073  29912712  30106775  30365492  33018265  33783492
  34282416  34317480  36962060  37563524  37747554  39937181  40892424
  42417816  47309962  48130592  48519321  48845246  49932019  50090598
  51590381  51933904  54160620  57477894  58049333  59506088  60107130
  61255796  61975721  64799829  67005434  68880656  70407243  70594395
  81887940  82590327  84125445  87095775  87440276  88834571  89917224
  91963248  92368328  94158864  94312885  96833369  99336544  99790241
 100168442 104258741 108456885 112139159 113769479 114615161 114702511
 115626113 118254365 119346854 119746063 119838732 122112849 122605831
 122812422 123858092 124210796 124803037 126051208 127452777 128240623
 128353152 128773586 129310432 130520192 132052674 134010752 134742190
 134920518 135440441 136052123 136971467 137991383]
Item 'knvn' found at indices: [    54448     83829    198769 ... 139852724 139861469 139960254]
Item 'knvlvfu' found at indices: [   177824   1304227   2209656   5688842   6527448   6732945  11446924
  11540126  12394284  15639954  22132560  24023023  24956227  28194503
  29067127  30609376  31936993  33095462  36215180  40629619  43525958
  44706551  45935368  47277788  50330338  57453725  59677206  60696589
  63095499  63502712  65663085  69563542  74505128  75358645  76713210
  84945776  85769811  86737119  86829847  89419443  89630661  90834645
  93435834  95021757  97567427  99749423 102185591 102944953 103483656
 103528041 104393384 104518784 111339563 112160498 113142839 113297195
 115190334 115903081 117235005 119543798 120131237 122437980 125384390
 125445302 126245858 126427046 128035233 128458193 129383066 131477361
 131581806 132111251 133531350 135385615 139779545 139980589]
Item 'knvs' found at indices: [  1001408   1566197   5064092  10123351  10781986  10818615  10931305
  13059496  13496171  16933390  17083373  17657603  19654037  19744111
  21991154  22482286  22693451  24941027  25283214  27264492  27543988
  30275719  31946669  37991194  38054500  38427968  42616939  45318505
  45415079  46305006  47043263  47048803  47277581  47672666  49022011
  51772464  53396700  54679634  56260455  58805322  61269348  61941038
  62816095  64189280  64548856  66976291  67329598  67878869  69974294
  70953403  71910114  71988604  72327063  72825412  73194997  74336555
  77946320  80938216  81204401  82047168  83119085  87777175  89927730
  90756814  95001736  96076534  96935749  98055916 102530437 102566336
 104773861 105151572 107871981 110415548 114924449 116185451 117271412
 118672354 119224324 119701457 121447436 122261239 122460748 122722701
 122905333 124418179 125578814 126091406 126172341 126188952 127177604
 128418147 128622211 129685391 130045765 130199901 130780393 131281409
 131619538 134784436 136095989 139243212]
Item 'knvg' found at indices: [   244640    418275   2112628   2583915   3848194   4120098   4487837
   5077468   5668782   6390078   7323509   7949278   8081061   8493840
  11455856  13562170  14357152  14358156  18315941  18576560  19847455
  20507150  24345489  27341055  27904939  28236447  28554829  28761258
  31945710  33096388  34218872  34917526  35348308  36117235  36162792
  37034307  37377513  37566179  39413650  39710724  39996761  41769841
  41999743  42406036  47046678  48689059  50355712  50972584  50980768
  51816154  52441806  52477733  52642135  52695257  54120584  54159855
  55343654  57738400  59008614  59132426  59289949  59711949  59902502
  60581586  60724454  61119805  61639431  63582219  63894212  64580395
  64726020  64745736  67865133  67902271  69493138  69827492  70379394
  71325295  73991531  76484352  76630537  76860228  77113945  77887333
  78757597  79126399  79238107  79667260  80228624  80395375  80505809
  80621426  80831896  80871558  81093910  81655937  81923615  82479798
  83110403  83687721  84188080  84825107  86075622  86082232  86310333
  87162437  87266102  90125628  90755053  91594923  92015643  93627929
  93728220  94184906  95872987  97123237  97148910  97433738  97543807
  97615441  97839649  98506352  99024107 100140809 100324623 100342579
 100423329 100789250 101019552 101467149 101887634 102846798 104338541
 104646963 104710734 105320975 105926273 107591143 108770210 109891911
 111041761 111514542 112019709 112438242 112477022 112856258 113759584
 114343751 115456705 116545473 116921913 117406723 118264101 118641324
 118824953 119171197 119461713 120972581 122281720 122495596 123065349
 123413632 123541429 124356151 126146014 128143596 128794721 130004595
 130741651 131569959 132501262 132767511 133036399 133201045 133722142
 133904653 135128863 135220784 135625634 136678196 136768735 136865661
 137923847 138126943 138345103 139722696 139876867]
Item 'knvynfobtv' found at indices: [   368882   1040272   1652815   6397430   6592222   7185661   9316648
   9437113  12851277  14531225  15267718  15330934  17760028  19245430
  21354264  21382995  22554365  23334016  25725807  26999628  27485837
  28916661  32456463  33660429  35047444  35689022  37411256  37873339
  41086442  43277850  45124156  48119132  51317218  54483990  55798673
  59891158  62809301  72865897  74945762  75681477  79208246  79327638
  81961973  86282311  92381166  93129749 100535462 101007643 101988021
 102576034 106386026 106625324 107354187 107623846 108407387 110454753
 113303938 118116298 119602129 120803036 121121170 124234364 125407185
 126199098 131666227 133769229 134184231 135708229 138653251 139866871]
Item 'knvih' found at indices: [  2619448   5446935   6126726   6820115   8743462   9330670   9870411
   9986736  19210542  25793492  28447533  30369058  33034227  33404972
  36028921  36882705  38003263  38443274  39850239  40297663  40444284
  40503863  44767596  45046439  45272844  47363803  48136833  48858410
  51399663  55114110  57567357  57633176  58610333  59330466  61267022
  61376198  62258378  62324957  64602325  64897225  66850337  67170653
  71512969  73179101  74500683  74553095  75382111  76002040  78674067
  80953397  82540039  83812111  84581325  84910959  85780120  87335218
  87854667  89787495  90568867  90569953  92421192  94113030  95261480
  95285136  96040770  99207838 100082000 101320253 101571719 103479804
 103783099 104089913 104194285 106468513 106892623 106939991 107555201
 107622100 109530469 109945147 111707086 112475481 117601081 118036038
 118637641 121089938 121813413 121862648 121896263 122502914 126338293
 126526621 129087252 129418320 129753940 129768846 129829863 132033957
 132282035 133642324 133724991 133927258 135099119 135351388 139861843]
Item 'knvov' found at indices: [   363070    774887   1663252   1671578   2350092   3346847   4064990
   4870565   5348377   5747065   6461830   8758164   8857750  10448670
  10968388  12712260  13042228  14153439  17957275  19148171  19916233
  20054959  20395767  21043835  21342388  21431765  24812295  25025742
  26131452  27407773  28857385  29307425  29727534  30582231  31636209
  32562599  35508964  36020151  41747909  42769447  42823031  44779538
  44883637  46716578  46861162  48479389  48495064  49611644  55138181
  56341819  58351287  58702877  59209771  59410786  62908527  70357868
  71153419  73152058  73232323  73369304  75542821  75857987  76192348
  78493835  80895886  82476327  82591243  84003819  84234677  85343274
  85949347  86072506  87112202  88060257  88315183  89094971  89526925
  89703745  90580457  91703814  92064418  94167249  94942942  95715670
  99977101 100475775 101884384 101988276 103080808 103164186 104080331
 104891628 105685454 105714194 106235208 108810925 109302804 109477928
 110910458 112070886 112381444 112593271 112798199 113174130 114175697
 114289998 117208982 117237098 117719797 120179235 120599165 120798597
 121692479 123254623 124381902 124838278 125231376 125249418 125524831
 128594019 129037000 129447492 129477021 131889249 132109102 134020816
 137466850 137470024 137685002 138416357 138747684 138934648 139484280
 139785780]
Item 'knvgn' found at indices: [   276469    627678    814537   1963798   2145665   2932629   5847766
   8153659  10836987  11186989  11359910  14028328  14092262  15356547
  20043196  20901737  22812276  24216761  25676875  26046735  27288529
  27880237  28517186  28914791  31645178  34790685  35763169  38493671
  38795162  40605879  43587314  44126247  44423353  45786467  47943927
  49806746  50614037  52026575  52212955  53976284  54621465  54972546
  55488339  57421448  59825955  61751276  62924242  63475816  64539296
  65344938  67752983  72558410  75323835  76541676  76616679  80525651
  80575388  87891217  89957219  90684728  91636231  92451757  92900157
  95204138  96323430  96346315  97821250  99478841 102259457 106048725
 112388577 113165090 114707360 115740950 116231629 118167965 125215682
 127715153 128584140 133611494 133742025 134867004 135329747 136147676]
Item 'knvwctd' found at indices: [    68872    895639   2204116   2618512   2971119   3835849   4176123
   4762581   6624134   8745925   8852208  13700156  15687685  18599346
  19204788  20449797  20577175  20839957  23083795  24829930  27376087
  27768140  29163662  29359192  34824556  36429581  38485589  39082798
  39319918  39539636  44039905  44840515  44931287  45474338  45747236
  45977947  47035454  48986548  50532299  50692457  50925767  53912475
  55253386  55350752  55789590  60236715  61377211  61610351  62848755
  63058533  64796431  64897833  65463935  67073506  67092316  69273016
  69277619  72766999  74394382  74854411  75962516  76835016  77015230
  78062042  78400102  78609282  80482096  81273296  81477690  81796649
  83089492  84618812  84632733  84739496  85303710  86762280  87452190
  88257609  90158861  91079679  91828654  92685591  92869995  93141785
  94599192  96838927  97805169 102345025 102435912 104018621 104332340
 104501330 104529010 105135720 105402752 107019178 108133787 111722661
 116280107 116948631 117370369 119016032 119201870 121338325 122319640
 124620732 125948028 127501094 128381806 128513471 129491875 130005657
 130748725 131660609 134128075 134469661 135574116 137262065 138470487
 138673309]
Item 'knvky' found at indices: [  2587613   2666262   3638805   4647820   4854704   7876172   9466938
  11102385  13378862  15381452  15708187  16186118  16996961  18828955
  18970861  19296531  19730512  22289510  23040423  23382362  23878697
  25120370  25446191  26003060  26330727  27893555  29772153  29859493
  30289719  30533546  33713410  34442111  35185615  36418424  37641685
  38685791  40815731  42192405  45130120  51726417  53916818  54496094
  55925000  57700714  58760445  60921606  61196550  65150886  66316962
  66626633  71893525  73160877  75019518  75352354  76624469  77662210
  79061991  81326165  85895822  87966423  87976114  88153017  88972150
  90589636  92408874  93242676  93342637  98415827  99932562 102048278
 103001990 104909811 106266467 106300083 106307143 107084464 108107300
 108428647 108472307 109033328 111865667 118138449 119091942 119476938
 120472978 122115265 122617107 124074829 124193385 125469346 126349544
 127073722 131696338 133068573 133886968 135105043 137000063 137198132
 138206947 139472640]
Item 'knvftzchlg' found at indices: [   218899   2250885   2421683   4509849   4876407   5223593   5762289
   7948723   9103625  14370788  15339597  15841454  19777998  22348382
  22487268  25243040  26711493  28985623  29839581  36071942  36936212
  37155048  37524482  41883125  42453059  43338180  44901456  45292857
  45661911  47892605  48558731  49851802  54300240  57605932  59847017
  61337471  62082512  63248119  63952383  64694087  64742101  66518413
  68250826  70358788  71673889  72657879  73237175  74327397  74749437
  75069539  75596375  77677328  77707941  78046359  78408032  80162804
  81719110  81886641  82215863  83116322  83249407  83706059  87637432
  87937579  89074537  90601368  94134048  94300597  94444105  97625654
  99355311 100027044 104375234 104376884 105999651 106145564 107294456
 113635756 114579541 115809242 117035634 118728919 118824034 122190231
 122736065 125230916 127478626 136360904]
Item 'knvhzcygvu' found at indices: [  1838105   1931828   3429675   4060884   9884560  12308993  13107222
  14314474  15468092  16996653  19005095  19594369  20445233  21179046
  21250472  21893220  22287406  24111380  25331948  30536476  33398058
  34254991  35640347  36019326  36604461  36762652  37545087  38785139
  39603145  39845536  40564883  41964193  44880493  46428054  50066966
  54292997  55057691  56759936  60584985  62580042  64141711  65660947
  69030288  71006453  74475760  81816998  83239464  86698093  87340974
  88231531  89267114  89672283  91355037  91460636  93055428  95299776
  96009840  96624030  97641337  98763800  99324592 100731845 103385162
 106442126 108135230 109184161 111150983 111479162 114139500 115968345
 117143639 119286886 122272928 123029457 123487533 124482245 124589803
 126026359 126029870 127521338 129558277 129580511 130785155 134207810
 137712331 137866939]
Item 'knvgfun' found at indices: [   989117   2883569   4089277   5666860   7837912   9683115   9929255
  11219371  12618594  13686599  15342393  16478949  19784520  20062237
  23496861  24805125  26964913  28918344  30808764  31085349  31709389
  34189384  35089908  38530381  48981375  57915428  60133658  61069937
  62612421  64321428  64339749  64716769  64799188  64862375  65779689
  67489280  67696921  69415726  69914317  70133898  70583041  73242107
  73591254  73730652  74271250  79864032  83781480  84222526  89255420
  89339681  91732461  93066428  94021215  96875196  97608973  99881336
 100435522 101414321 104175249 105150829 105189140 105753965 109967227
 110798351 112603339 116228797 116335709 116363585 116545866 117702680
 118111354 118454466 120712003 122224078 122800076 123826915 123892840
 126696905 127488822 128792827 130818362]
Item 'knvmjgpviw' found at indices: [  7953183   8971745   9032303   9324684   9598079   9611429  12800841
  13713201  22180109  24216571  24558025  26320280  27127875  30137978
  31563109  31648918  33050749  34081598  35533624  37141521  38896760
  39643248  39863806  40926497  41040385  46603157  47055161  49788523
  52217815  53176501  53862344  54243510  54613744  55298405  55811399
  55816956  55980017  56355062  58678297  58859449  62199158  63599341
  64110632  64292096  65415258  65798018  66013910  69429884  72091994
  78052183  78099420  79218061  81969821  81990663  82866133  82943979
  83419310  84150299  84797478  85193591  85718957  85825133  86141086
  87278991  87478968  88826761  89761004  90706796  91787057  91888518
  92120321  92711156  92917198  94164831  94248309  94819958  96226931
  96376176  96475578  96594624  96609747 101835619 111068380 113291568
 115000179 115624894 115856222 116017319 116925483 118197046 121269860
 131594355 132097123 133254422 134518568 134540661 134917431 135033431
 139238493]
Item 'knvslgpm' found at indices: [   102018    553454    642632   1091475   1356287   1406809   1437693
   1683997   1883901   2370565   2653017   2972051   3327697   3363014
   4893737   5544467   5753463   5818178   6026907   6594235   6670043
   7203967   7374730   7485662   8112919   8291573  10347962  10694214
  10993749  11295792  12254107  12636669  13510527  14032018  14732926
  14812093  14875191  15607621  16566801  17248974  17990690  18928625
  20041029  20085825  20114993  20348349  20493868  22164431  22232450
  22750672  23376512  23593966  23904977  24991172  26714931  27031931
  28165627  29139306  29254946  29436857  29789876  30325775  30340605
  31308527  31492946  32784440  32825394  33652106  34525648  34806721
  35028035  35319978  39688487  39787329  40019932  40123999  41532936
  41534401  42597152  42608842  43696129  44538469  44959963  45156735
  45750493  46142125  46235706  46439365  46723143  46851261  47719106
  48001382  51100853  51943787  52343228  52664476  53295632  54389232
  54481091  56103218  56179593  57699917  61392434  61871939  62695801
  63281629  64754115  65040609  66095632  66382682  66454337  66700143
  66826754  67750034  67926571  69719242  69756473  70170204  70991517
  71123934  71198047  71364576  72084548  72086188  74063763  74428995
  76157062  76361096  76450198  77664458  78088253  79001072  79208184
  80212924  80527833  81219933  81881094  82768948  83992523  84247563
  84429377  86559291  86628989  86679748  87245117  87293858  87516602
  88179005  88587283  92224090  92370138  94195244  94883193  95729689
  97107394  97635709  98145282  98383707 101681673 103011406 103314360
 103601835 104788133 105213984 105658276 106410731 106959066 107787782
 108957630 109886468 110520586 110626209 110793270 113352994 114330654
 115842565 116797330 117055015 117426377 117814702 119609302 119759562
 120801260 121161005 121936517 122076029 122374138 123321452 123731115
 123794048 126266519 127069261 127090980 127910532 128591998 128598305
 128683855 129313688 129637241 130326282 133107023 133125698 133465460
 133831227 134610682 137198457 137249089 137510846 137977013 138258287
 138583447 138828311 139216341 139568532]
Item 'knvsoun' found at indices: [   574753   1612214   3267506   4788809   4906375   5432596   5740121
   6776739   7088604   8141229   8521815   9133423   9245764   9321937
   9324932   9456510   9908779  10024745  10033954  10218789  10288917
  10720779  11125890  11702758  12940978  13461959  14050566  14329745
  14620655  14830841  15063882  15122538  15384903  17700164  18295198
  18497000  18506983  19369750  19628756  20722884  21389558  21489231
  21828609  22279951  24285292  24985440  25153239  25191426  25950578
  26903203  27026962  27071803  28833943  29642251  29816596  29818401
  30589426  30633214  31371363  31799222  31895186  32706532  32744417
  33354553  34604474  35798675  37159058  37245538  37332657  37554573
  37934805  38099443  38321784  38643806  39131293  39287242  40372888
  41040125  42151191  42290349  42525440  43246215  43569838  43669004
  43731142  44094058  44350300  45085738  45326967  45993004  46453277
  46520508  47290052  47672423  48097030  49414294  49849944  53961352
  54273585  54369017  54414999  54452673  55076485  55401431  55627216
  55694544  56199509  56497780  56683905  56814582  56835895  56957197
  57648081  57849138  59647573  59700335  59794304  60899067  61957712
  61982559  62093818  62538930  63616780  65058389  65662647  65974495
  66495750  67606700  67844818  68018680  68698333  68906421  69179375
  69792165  70027159  71267739  71532603  71533851  71850135  71855719
  72360569  72397622  72418692  72988010  74166305  74942962  76227768
  76775087  77328429  77661148  78322340  78973110  79201398  79822011
  80417598  80825883  80905730  81118030  81126396  83248215  83934432
  84027214  84857369  84998873  85862343  86220394  86763070  86772680
  87080780  89488695  90892428  91023147  91076294  91811979  92720642
  93270737  93640694  95592000  96082625  96733474  97209181  97742931
  97744848  98758125  98851019  99424435  99936608 100771309 102476853
 103415626 104086536 104547343 105332767 106253723 107565540 108396668
 108590708 108695982 109002194 109086400 109498194 109981670 110771562
 111382746 111388519 111863859 112165171 112205704 112380916 112861359
 113725101 113733147 113752316 114172332 114238212 114308907 114342890
 114510032 115385728 116439577 117423397 117717851 117983618 118283293
 119601911 121136038 121498951 122793279 124465477 125078257 125084495
 125808465 126052325 126123093 126746149 127010870 127351227 127959478
 128061809 128401858 128523833 128773038 129646799 129678219 130299379
 130472826 130964841 131786427 132336897 132450075 132934987 133519123
 134203369 134617734 134904985 135120575 135273568 135324798 135506015
 136070207 136575457 136846509 137450329 137544687 138071063]
Item 'knvrbaee' found at indices: [   159883   1918171   1944429   4677030   4988436   5682029   5975801
   6514446   8062415   8414865   9091040   9092275   9384622   9612221
  10597932  12712244  13262975  14045739  14321281  14781116  15153010
  16739461  17656322  18267977  20228451  22181961  22372651  23786421
  24648314  25654114  25909344  27109217  27416447  28375894  28501025
  29042809  29237012  29737092  29931712  29996805  30183911  31503189
  31727181  32381898  32860328  34275077  34624762  35404786  36072723
  36109677  38440628  39237248  40496749  40754843  41174763  41177818
  41217616  41702595  41897105  42228189  42435266  43838522  45765912
  45787143  45799593  47476553  48073429  48816661  49146740  49246883
  49889260  50138422  50251175  51899598  53302704  53793453  54380442
  57230705  58862797  60849823  62484434  62975730  63758041  65913012
  65920047  65991169  68121152  68956191  71266025  71316189  72507854
  73125883  73419440  74340690  74809623  74927953  75012933  75843448
  76683294  77623113  78441908  79990039  82478217  84404612  85001035
  85983439  86154917  87033952  90168095  93615724  94262571  97672861
  98852698  99136720 100558386 101632840 101969651 102357123 102665176
 103707789 104961720 105332578 105445936 106523754 107228533 107825347
 109023602 109348327 110273352 110697043 110910835 111468329 111815890
 112823145 113446255 114011715 114207768 115162417 118290301 118347889
 118596426 121281752 121411059 122180709 123629859 124198327 124245107
 124915763 125881717 126760572 127695971 127909239 128020003 128368188
 130611679 131119469 131193606 132097811 134719671 135828931 135873749
 136640167 136910382 137911428 138004960 138743136 138836087 139280671
 139715138]
Item 'knvo' found at indices: [    42004    881389    990618   1369380   1546038   1611942   1620018
   1804713   1812629   2280353   2919737   3016766   3027687   3048682
   3089927   3350253   3513765   3629495   3752681   3868968   4304951
   4474611   5053452   5078334   5463290   5529536   5669171   6042625
   6950719   7016034   7424687   7698185   8123788   8289676   8535562
   8824447   9043191   9165624   9879970   9968866  10025229  10063436
  10115997  10596089  11712466  11735444  11960054  12176991  12761430
  13289628  13321190  13445423  13814913  14164177  14262214  14364947
  14621414  14941989  14994666  15009251  15428447  15509686  15608316
  15686568  15816050  16077437  16721940  16926819  16994258  17047062
  17078028  17712943  17802999  18106354  18131211  18297086  18539085
  18717581  18750749  18961961  19098746  19134414  19568850  19648890
  19677309  20485995  20768797  20849946  21152371  21211242  21628675
  21674993  22063928  22633622  22825623  22917136  23409994  23503792
  23733151  23769792  24091982  24137739  24321068  24400445  25162611
  25300823  25312962  25336966  25780551  25942845  26508500  26768488
  26903232  27026897  27428861  27471823  27578484  27919496  29292852
  29754016  30010255  30233066  30350664  30743516  30865041  31177216
  31425322  31479054  31635676  31650807  31682298  32062109  32111165
  32166570  32400755  32441855  32643485  32768308  32888690  33504206
  33645970  33984443  34114089  34830469  35094211  35620467  35873242
  35908268  36305583  36967021  37494657  38053868  38307636  38359304
  38641930  38661289  38737115  39433598  39919208  39963731  40150790
  40298088  40317805  40383027  40463068  40799927  41030292  41628817
  41832323  41874699  41913692  42002022  42294070  42339526  42497254
  42519064  42525105  42731773  42791792  42871712  43377692  43424717
  43772863  44062287  44242320  44393651  44505591  44599465  44997603
  45265696  45318743  45620103  46090069  46526706  46539287  46718264
  46913722  47273743  47313313  47322373  47371739  47774338  47876146
  48170874  48344751  48458512  48503992  48895995  48907510  48942707
  49900439  50310650  50367635  51081738  51471007  51545987  51995312
  53016544  54003725  54006621  54385308  54614297  55196152  55425004
  55509826  55828757  56194185  56592266  56713493  56747940  56798195
  57292604  57321389  57388743  58029158  58541845  58985384  59465670
  59483193  60098832  60189256  60366504  60472603  61231527  61444199
  61604195  61835559  62287604  62413031  62857191  63144797  63916756
  64166676  64207273  64840827  65263696  65283157  65693613  65806717
  65932343  66627205  66630828  66721763  66967176  67053945  67059572
  67866596  67924386  68219837  68600770  68807598  69320441  69387933
  69662738  69794093  69885543  70164448  70166639  70430262  70503860
  70539915  70754121  70766240  70965387  71029368  71327452  71495782
  71507316  71546872  71644658  72311942  72366592  72431469  72486879
  73331693  73425490  73434902  73717346  73776053  73796946  74333323
  74847081  75369627  75515249  75692137  75903348  76439519  76512104
  77300820  77496439  77498015  77727259  78044277  78225707  78331207
  78688976  78736128  79279658  79545349  79600856  79672762  79682790
  79870696  79902949  79929781  80206603  80699929  81144944  81582416
  81754576  81758505  82758910  82780741  83207072  83258488  83384584
  83510774  83519389  83636406  83896719  83899865  85008066  85071720
  85371722  85532595  85549931  85554864  85601151  85793601  85807208
  85882859  85981698  86624065  86824926  86922752  87307776  87440126
  87478457  87483116  87526298  87975244  88048359  88255044  88333028
  88763808  88914101  88936830  89029210  89097278  89454716  89853699
  90179216  90220815  90926481  90965233  90994638  91251342  91398068
  91633490  91795636  92131120  92184829  92672849  92719442  92813125
  92836541  93031186  93220912  93582647  93614356  93654051  93919095
  93955134  94579908  94624706  94662905  94779999  94822395  94833795
  95171369  95195022  95361721  95585812  95809149  95964159  96147784
  96371350  96464032  96536125  96642822  97009845  97322367  97444395
  97567469  98319274  98435906  98443156  98464498  99065025  99101584
  99201395  99415871  99488480  99679891  99743308  99783893  99815683
 100247848 100294602 100553103 101084579 101092942 101248505 101696122
 102111675 103040431 103351059 103779632 104131306 104453911 104632870
 104957400 105100548 105373912 105392725 105568132 105624051 105792955
 105858709 106018458 106320109 106452613 106705072 107082744 107239754
 107253367 107403795 107623468 107828974 107885638 108880774 109370689
 109456773 109575491 109958427 110246758 110481330 110784882 111215730
 111411678 111879598 112400035 112963412 112998548 113222071 113303237
 113403411 113492584 113649257 113662781 114109689 114657913 114805669
 114903069 115140936 115249621 115821090 116031081 116456177 116794360
 116940347 117035496 117136987 117462916 118247134 118587087 118794548
 118831870 119193070 119280818 119304663 119333666 119672823 119973599
 119989088 120160026 120262339 120339114 120885535 121056934 121093726
 121290940 121593568 121921601 122145567 122374093 122412081 122484493
 122491081 122892110 123129188 123190715 123234325 123297681 123612346
 123630754 124252033 124341941 124499166 124906230 125036495 125090127
 125252960 125376914 125544878 125560798 125694958 126155857 126893943
 127338776 128358285 129434308 130123481 130153024 130553074 130614985
 130725724 131295359 131354432 131368186 131378933 131859119 132242040
 132962884 133473661 133594001 133814151 134202652 134343270 134513525
 134675056 136644487 136724112 137900905 137983580 138648809 139202858
 139755472]
Item 'knvqcv' found at indices: [   125041   4906534   7952237  11959282  17096004  17204467  19144186
  20662317  21790982  21814767  22039027  24614130  25160859  27554903
  28457358  29211130  35402375  36484481  40953076  43239073  43748564
  44371250  44393713  46688732  46989316  47570725  49262440  51633113
  52319199  53541666  55159624  57934230  60582929  62467423  65064085
  65106612  65673241  68544311  71340291  72437475  73253863  80376055
  81086035  83339688  84932886  89991182  90625737  92106861  94748631
  96557235  98536048  98876531 104549685 105460488 109036213 113385836
 116059871 116402400 119052793 122740855 124590687 127339733 127467667
 127755850 128958929 129506138 131164021 131406151 135062611 138263402
 138728664 138898194]
Item 'knvim' found at indices: [  1711293   3572044   5890963   6002330   6431537   8842624   9346502
  12182489  14401221  15246174  15258570  15304391  18869823  20188593
  20683661  21687861  23339368  25045111  25170266  30501941  31197558
  32941175  36253369  40762438  42762534  42816942  43079621  43604414
  43636069  43821695  44695992  48475379  50019543  52863815  53420576
  57641249  58653138  60672780  66514645  68356028  69575253  69972236
  70780305  71627360  72296240  75043994  76692467  77236957  78208848
  81604216  82945526  84725610  85020551  87844548  88175770  89541635
  90156250  90393496  92228933  92959640  95018949  97488534  98750127
 101213730 101919378 102847131 103239612 105838833 106675767 106806741
 113173924 116592827 117621771 118455236 119606230 120613889 120915098
 124089480 129324489 131122452 133057959 136034780 138410871 138855406]
Item 'knvmgsg' found at indices: [   362730   1108693   3498847   3825023   4837395   6141446   7510482
   9689977  10552341  10735938  12651112  13700334  14280959  15375653
  15430679  17605713  17640885  18462323  21461399  21602512  22515153
  22901114  23920478  23928297  24585534  25793208  27024619  27400648
  27580176  29019785  29261049  30620239  32123233  32150745  32261421
  35200541  37875542  38260056  38449280  40248172  40387418  41385656
  41561570  42052419  42132419  44899551  46874514  46965636  50822594
  51025503  51852984  52619969  52952131  55620901  56216871  57687577
  59617718  59759678  61861272  62287547  62776354  64891521  65656924
  67478091  67506778  69487370  70017023  71244630  71490622  72088469
  72633846  74401771  74970477  75596401  78829040  78895139  79192375
  82261432  82313365  85753127  85957491  88204254  89267108  89992491
  90158111  90489309  90650194  92346058  92668603  93071990  95184656
  95363764  95985761  96054416  98893499  99988074 100011022 101361541
 102420411 102980661 103261265 107012575 107090300 107330410 107802304
 108873076 110542972 113221395 115328443 116156142 117150588 118022052
 118875636 118970432 119013026 120070933 121140533 122633911 123134252
 123281847 123458007 126192202 128630176 130513403 132531826 133195698
 135687900 139562302]
Item 'knvwuiu' found at indices: [  2226380   3556825   4263102   4732654   4786163   5448578   5527666
   5672904   5967496   7090328   7447000   7486005   7969614   9117188
   9262560  10440357  11803866  13674431  14082195  14108645  14211869
  14557101  14684336  15094745  15129384  16365597  16394217  17403105
  18870815  19097281  19331340  20840005  21191675  22231829  22782244
  23644742  23788950  23970553  24488848  25434020  26677739  27960914
  28238648  29741807  31459660  32824500  32834707  33557415  34503717
  34579612  35981222  36822039  38317094  39937415  40228524  40229191
  41696018  41845349  43038695  46789395  49132134  49962819  50514030
  51569134  54537586  54579010  54693063  55575171  57248360  58510175
  59500038  59517162  59799026  61176877  62302963  64166218  65503754
  66257216  66694434  67562531  69198572  69895728  70279388  70961974
  71257737  71628732  71680992  72053887  72770937  72781815  74376989
  77041507  77217520  78508633  80353480  80398058  80502525  81118684
  81589214  85262236  85359885  86565315  86602030  87008463  87339591
  89099367  89929969  90363629  93353856  93552035  95007089  96526843
  96628141  98160273  98797029  99114736  99570574 100676106 100839244
 101319619 102166248 102657697 104905250 106006149 106314922 108142995
 108339501 109377913 110537340 111546063 112246429 112967440 113801319
 115889755 116203535 117684285 117705610 117944189 118512382 122462692
 123315010 125969199 127642624 131428018 131657455 132058898 132756684
 134923935 135018341 135565100 135767516 135845691 135862964 136391113
 138033291 139244580]
Item 'knvrhodlul' found at indices: [   160202    348938    349290    519123    614522   1775738   1859150
   1912460   2222080   2316589   2598758   3004559   3025863   3071603
   3629637   4434353   4648851   4677458   4771993   5070759   6091072
   6323931   6365927   6414562   6626468   8587693   8790420   8814806
   9138332  10662505  10702090  10853680  11005987  11163335  11233624
  12178498  12713811  12730376  12780686  13487515  14327705  14373719
  14602268  15183821  15436217  15485140  15622956  16004708  16178453
  16208763  16294229  16439663  16701129  16990571  17028795  17328904
  17569363  17627764  17690658  17938386  18140038  18452172  19346219
  19541952  19729209  20122819  20142474  20392145  20453752  20464414
  21515336  21532729  21599459  22040336  22174010  23573719  24488751
  24853219  25146271  25616693  27476038  27625378  27877365  28145028
  28195282  28335848  28383495  28532962  28621750  28644020  29308764
  29866330  30553508  30554547  32282366  32713954  33624414  33807460
  33986420  34113441  34258250  34543627  35662853  35859946  36517945
  37797568  38577195  38720758  38954438  39386791  39871454  39896210
  39952842  40154361  40589964  41922858  41996076  42579680  43197035
  43753075  44125141  44235814  44466692  44469889  44697601  45468354
  46257535  46522503  46991993  47070599  47867801  47882653  47926821
  48459459  48497662  48615393  49114986  49587354  50980108  51126946
  51716546  52092020  52119844  52349442  53024328  53683692  53700305
  53964077  54152477  54317855  55117830  56055569  56549107  56873142
  57090571  57438135  57504228  57647389  57660491  57714518  58160960
  58519856  60488531  60741603  60914132  61389621  61453713  62350566
  62688324  63313297  63442050  63516824  64905330  65553253  65896273
  65931318  66083963  67006828  67280006  68386429  69331520  69787030
  70172677  70811184  71223270  71478634  71522282  71824004  71897991
  72705623  73126009  73185027  73949222  75419658  75801754  76002446
  76041544  76575228  77160415  77219542  77371468  77793189  78361599
  78537224  78558988  78910773  79384816  79519945  80185156  80327684
  80395021  80776518  80953018  81830432  82123284  83052951  83109648
  83318617  83491946  84447412  84873050  85210199  85438777  85499440
  85767090  86004920  86062317  86531331  86936472  87225637  88848805
  89244432  90123853  90381905  90743735  90781030  90831794  90951443
  91137803  91735496  91780569  92014631  92138021  92993177  93087594
  93730174  93741853  93801290  93916985  94042600  94069965  94193332
  94497816  94592122  95671981  95879710  96157841  96279444  96646880
  97069233  98249034  98664518  98681731  98940701  99469204 100039347
 100095546 100875828 102026074 102347722 102470375 103040911 103262735
 103644032 103835427 103937168 104288040 104297755 104596707 104604087
 105496527 105623429 105900850 106038428 106681218 107297182 107972610
 109055426 109336674 109844817 109963191 110070803 110287607 110451452
 110975033 111420869 111436334 111648910 111811813 111855614 112520914
 112526395 112663763 113233097 113833906 113902878 114091491 114137871
 114370207 114690624 115938222 116385411 116538311 117489756 117664667
 117964427 119273474 120216497 120346604 120455495 121345900 121990090
 122272495 123196127 124054911 124144326 124221661 125930897 126013443
 126221695 126407166 126494515 127116502 127315686 127357063 127602912
 127798532 128163124 128465413 128700680 128846781 129142523 129349942
 129365672 129775174 130482198 130505870 131356559 131432646 131511882
 132085866 132508561 133075509 133197713 133376644 133547568 134442627
 136685153 136999475 137258682 137800519 138294668 138597573 138940861
 139118764 139439545]
Item 'knvhraishu' found at indices: [   449534   1454669   1485787   2874368   3780429   5009769   6876476
   7810809   7963452   9114305   9236226   9280994   9561321  11573891
  11913958  12102160  14181802  14862605  19044154  20153773  24765622
  24863367  25478098  28588294  28595968  29236508  32946111  33574097
  35464924  36761196  38059623  39988381  40074802  40974365  44767968
  46039589  46089877  46379169  48610457  50017646  51637429  51840269
  52510188  55566474  57202503  58385379  58396684  59040482  64663511
  64886748  66207294  67050914  67454943  68746106  70316967  70545568
  71122173  73086184  73631000  74611438  75864171  76294111  77103579
  78350878  80864440  83413650  83697457  84114368  84301146  84905270
  84994262  86717450  87173106  89058412  89328574  91794554  96054915
  97352000 100363384 104398234 104608463 110065431 113151037 113906081
 114319760 115705270 115939546 118666134 120225453 120416372 123554676
 127353596 129653475 131015092 132348569 134700644 136371729]
Item 'knvsszv' found at indices: [   773743   1302185   3576343   4035276   5445758   6678991   8079549
  10985077  11510487  12300821  14113596  15135007  16082161  16918284
  19130814  20367040  20999463  22351340  26788249  27240178  28647309
  30472108  32602039  33345415  35624538  37190458  37825050  38311473
  39817656  40371862  42182153  42582427  43024352  43968811  46469453
  46910594  46948601  48475848  48724275  50072633  51540516  53990393
  54135535  54335725  54687919  55543372  60070107  60982587  62174669
  62565536  69789647  70860923  72221382  72967473  74215373  75780765
  75975815  78941101  80749846  83469594  87443206  88115679  91688482
  93117243  93525726  93594204  94820417  95956153  98164147  99113484
 103927803 105424759 106602440 106864561 108178674 108442246 111398443
 112625673 115821824 117912902 124196666 124776261 126755754 126833826
 129626257 129644225 130220015 130329567 135913694 136048786 137691563
 137827778]
Item 'knvp' found at indices: [   304007   4816056   5211356   5454608   5512689   8873774   9081154
   9648721  11603007  11925921  13523181  14314451  14711845  16705698
  19397022  20812740  21710774  21868526  21913298  25642943  26233275
  27814455  29346870  31274082  31830200  32171767  32715896  33340096
  36852570  37433942  39264462  39645071  40188426  42653886  43950510
  45674268  45820980  45890604  46094129  49299391  50904007  51451850
  52287486  52397704  52464634  52485217  54482916  54735913  54898467
  54930013  58923168  60134829  61412826  63094905  63656623  65235207
  66158949  67564829  68582666  69426988  72339415  73667374  74055477
  74278093  76105435  77589445  78147576  78770660  79012278  79299282
  79629955  79711482  80350136  82212686  82289346  83038905  83458531
  83968539  85460742  85551654  88515522  89917801  91763675  93051489
  93889004  94359625  94471390  94888145  95308312  96245672  97237417
  99180798 100118392 101085410 101802738 101951032 102755901 103413708
 103462730 103762514 104034202 106416534 106845693 107130370 108547248
 109114262 109137100 109362692 112101318 113505209 114794037 116094683
 117534573 119517820 120116103 120850858 122112917 122882614 124399549
 126141754 126150275 126563889 126693146 126875222 127166073 127807591
 129449986 129478092 129667077 130205361 131637816 133172079 133184792
 133392160 134912447 135030139 135195280 136596715 138582002 138851288]
Item 'knvbosnam' found at indices: [   161291    320578    679584    744458   1363943   1627234   1947282
   4064007   4305384   5632391   7272236   7293458   7518585   7848430
   9417383   9883959  12788101  13371881  13428507  14193362  14330467
  14370050  14445811  16068445  16178605  16692385  17791418  17906585
  18226850  19156520  19246411  20199489  20642267  21079579  22143223
  22478434  23364313  24710044  24992759  25069803  25488300  25559107
  26272503  27018505  27087908  28919914  29281217  29917957  32116708
  32748385  33587145  34125802  34590013  34832290  35410986  36710641
  37691836  38827109  39035174  39109111  39636634  39812199  39847825
  40138258  40774054  41089043  41240880  42643237  42894357  44233805
  44948623  45508987  46078394  46927104  47120366  47646752  49357294
  49565657  49825296  50142666  51764853  52307496  52481664  52743595
  52774794  54255956  54701487  55259404  55861414  56172988  59586013
  61075591  61928483  62006908  63910164  64426549  64494984  64741999
  64920419  65397920  65958606  66651552  66867553  67298689  67989823
  69355127  69697319  71292178  72043103  72428013  73095897  73562588
  73696626  74296093  74315072  74603635  75969627  76650494  76994875
  78734083  79549793  81460688  83553810  83584564  84037639  84399354
  85715227  86290666  86944294  89648727  90258077  90275306  90416037
  90692900  90923096  91004817  92692875  92985977  93798568  93867829
  93891673  94903736  95111346  95381666  95864397  96146450  96401844
  97208926  97852582  98050499  99728437  99968530 100325744 100856920
 101825334 104879826 105379174 105836420 106296735 106391395 106750676
 106950795 108636479 108698806 110518574 110701807 110937618 112739094
 113935148 114199656 114438531 115202958 116921838 117208961 118317012
 120601439 121059796 121359819 121721377 121844944 122076573 122202454
 122342327 124133670 124389401 124982090 125872626 128062295 128441687
 129786734 130233105 130678031 131671799 132590651 133105299 134206283
 134564583 134883263 137372970 137894830 139311503]
Item 'knvsirllv' found at indices: [   622396    696205    764856   1253131   1799273   1907009   2089816
   2269671   2498033   2640499   4512347   4981051   5221230   5594968
   5935295   6004496   6115285   6280401   6427181   6874763   7227983
   8213285   9012378   9790607   9791282   9910420  10560371  10791663
  11115467  11181237  11215893  11294768  12159194  13382570  14114423
  14447173  14558465  14700065  15047697  15899231  16533611  16541294
  16846743  17909874  18524911  18742329  19893899  21939261  22593698
  23207359  24031491  24355462  24357678  24505180  25079853  25600078
  26220190  26398854  26902040  27001491  27223159  27432611  28519173
  28603923  28847717  29529518  29661019  30384917  30395236  30432177
  32718369  32781778  33269168  33397547  33409795  34038781  34145024
  34451630  35079930  35267178  35841106  35937206  36037273  36444434
  38639109  39540062  40131556  42052142  42281186  42570684  42794833
  44076655  44135263  44606666  44912933  45356564  46469273  47069707
  47275150  47905235  48122722  48200753  48206639  48231099  49156615
  49674722  49805835  50560849  50757915  51039499  51707567  51994450
  52060560  52108121  52137643  52367460  52797115  53006652  53068873
  53407441  53538320  53934888  54036489  54142903  54230264  54595760
  55988908  57287711  57567886  57635160  57792743  58611108  59090056
  59090812  59197019  59934813  59981540  60456548  60903876  61273624
  61716703  61834480  62773531  62860752  63002312  64888175  65076890
  65274739  65391495  65408102  65893064  65907681  65983705  66775780
  67013856  67067735  68227432  69492912  70074446  70358973  70361825
  70817687  71134766  71221966  71958660  72229605  74433727  75093674
  76604077  77197618  77427345  77675355  77728184  78108983  78560545
  78714819  79397106  79445334  79606803  79961224  80989285  81497801
  81531691  82079344  82370171  82456516  82845186  82911221  83024121
  83451987  83507537  83701231  84514304  85195010  85641916  85925782
  86520740  87445523  88170367  89022817  89987695  90026525  90058082
  90310341  90772167  91227347  91498918  91631066  91750192  92322047
  92652493  92885309  93099505  93881292  93985419  94427401  94951180
  95461611  95893860  96679144  97157678  97191252  97285702  97421730
  97681733  98528056  98706316  98884938  99307207  99323980  99402851
 101402376 101553285 101653929 101717586 101757050 101772001 101847510
 103793468 103842625 104160034 104506034 105851206 106098309 107420801
 107676606 107797470 108227781 109623352 109799022 110239043 110377787
 110428226 110499802 111093578 111781748 113089489 113233635 113612139
 115607397 115737681 116014739 116648225 116805033 119031049 119127294
 119572536 119663245 119808349 119839583 120054203 120056028 120781338
 120817712 120994190 121383973 122592369 122693271 123018580 123654039
 124211397 124534079 124841694 125210279 125252098 125695259 125784625
 126579607 126698601 127029260 127223611 127728545 127800919 128567634
 129161424 129741334 129861320 130104615 130711119 130905166 131102744
 131198488 131441754 131506065 131632037 131998903 132052752 132344382
 133912322 134357899 134771524 135328517 135759894 137003386 137252062
 137279054 137809186 138143003 138350863 138384158 139035778 139566035]
Item 'knveprntc' found at indices: [   323875    631802   2060954   2105940   2793712   4799874   5175091
   7464414   7480451   9795199   9908559  11995028  12492330  13553996
  13878823  14888706  15059777  17344918  17948919  18593724  19189475
  19297410  19446763  19591873  21796651  22829920  23573038  23906486
  24811676  25727927  26287611  26598872  26729085  26885631  26896531
  27151553  28873159  29060261  29370623  29979473  30874035  31493240
  32475499  32556304  32683144  34845569  35157169  35335558  35610593
  36201136  36895887  36902679  38589041  39472062  39488290  39540055
  42530164  42608339  43277978  43724407  44580109  44831663  46293226
  49764112  50235492  51471424  51623866  51848849  51976615  52139633
  52672034  53010356  53078073  56807016  57082594  57962399  57988964
  58232002  58362259  59666315  59984622  60053901  60287744  61116135
  61145549  61428287  61541155  62549945  63804808  65813942  66261780
  70423547  70675805  71145822  71386603  72845278  73058020  73262923
  73787244  75358719  75878620  76098584  76414395  77050882  77688948
  77755133  77917228  78648197  79188418  79668349  80595250  81006760
  82546287  82956676  83325223  83895696  84338967  85425574  85793040
  85906623  86005181  86103840  87652579  87948740  91029123  91347345
  92252518  93998738  94448496  95723946  96086490  96757566  98118241
  99626838 100385869 100513462 101044348 101594700 101875167 103239642
 104664066 104675557 105869316 105934065 106184602 106350175 108567834
 108911716 108973821 109096936 110895185 111352774 111595311 112918458
 112995945 113826697 114728202 115291679 115927282 116219596 118257044
 119171318 119556121 120036284 120768685 121030027 123470769 124044439
 124112997 125540781 126613163 127300316 127483040 127565120 127927321
 128007093 128030096 128788471 130033759 130141751 130294644 131801633
 132179472 132359298 132753899 133927944 134767079 135478202 135739001
 135759286 135824477 136033791 137000955 137030451 139043965 139248849
 139968746]
Item 'knvgg' found at indices: [  4160908   7629259   9624526  16225458  19301600  28290407  31246054
  32489915  33434092  43247831  43939391  45731160  46210567  48951102
  51470483  52376723  53120140  53576828  53969702  61360209  62889404
  64431136  66359314  69509363  72319567  73165042  73750061  74498871
  76878429  78614411  80946569  84659659  84881396  85042995  91364773
  91949878  92359356  93023747  94319130  95178742  97138882  97494956
  98250734  98885452  99200860 101165238 102064926 102359642 102476429
 103532152 103819452 107205946 107923980 109230569 115296318 117669680
 118278472 120397717 121498904 123560602 124561290 128057569 128474633
 130615547 133891884 136382510 138162078 138343606]
Item 'knvkbsd' found at indices: [    56214     78795    955776    960510   2689121   2982417   3074828
   3863232   4002280   4063224   7158299   7201465   7643126   8583381
   9062397   9252651  10653882  13222052  13720367  15864041  16794894
  17297889  17601132  18847386  18882231  20212952  21093922  21283771
  21995016  23045996  25794347  27900413  29231515  29243916  30648606
  31500750  32147492  32614219  32703540  33563391  34573727  35130978
  35881708  37391609  37583669  38500941  38783250  42464217  43075361
  43152051  44211469  46061868  47602313  48540273  48917154  49837119
  49932652  51279589  52793755  53625192  55478721  57801229  58193293
  58317287  59463561  59787138  60611759  60703641  60775731  61437704
  61808883  61915324  62757725  62994958  64407982  68129208  68211033
  68330408  69184201  69851270  71009470  71842058  72261476  72985544
  73293745  73789801  73994807  74190516  75529376  75825577  79628008
  79646452  79741766  79897681  80294377  80957456  81387756  82513532
  83162775  83307810  85317867  86197961  87558448  92033511  92472270
  93069294  93300312  95026189  95575711  95873788  96173657  96452565
  97227750  97569056  98856408 101285343 103185128 104230577 104400812
 105369212 105486807 107808873 108312600 109194450 111197427 113609188
 113863976 114438578 114493457 114639589 114917599 115280680 116182951
 116431356 116567965 117588280 118483614 118644141 121552012 122572501
 124909348 125426353 126201680 126780160 126824686 127975111 128566841
 129739157 130666403 131028699 131335851 132358209 132831710 133328114
 136708518 137067967 138328710 138521427 139185786 139885927]
Item 'knvecktod' found at indices: [   739514   1590112   2342969   2493489   2981132   4398275   4569042
   5402344  10010349  12116955  13207878  16321181  16843461  17013906
  17108256  17830997  17962083  18527589  19935691  20292586  22019067
  22605201  23354178  24756522  25799585  28048323  29035417  29948602
  29999317  30020116  31603925  31878322  32398458  33068166  33809846
  34886796  35027282  35500321  35970143  36044499  39514739  40401728
  40691428  41713406  42458821  42699505  43189873  43769181  44321757
  45313448  46948897  47977234  48366307  49789281  50209385  50428513
  50860395  51220588  51293230  53419399  54473243  54858125  54894231
  55068355  57626840  58596791  58681895  59910386  59955465  61782756
  61790851  63122953  63142497  65361884  65535888  66684980  67034223
  68896180  69186299  69444103  70955280  71066693  71477950  71653421
  71719358  72338584  72558510  77121009  78149336  78752316  79140767
  79278712  80471128  81109948  83816092  86407388  86858202  87246987
  87718516  87941107  88374962  88957805  89938511  90013468  90731959
  92152555  92211595  92542201  94127339  94480881  94538893  95113858
  96191392  96239054  98386264 101262469 102051198 102122481 102841132
 103240114 103841826 103956571 104954691 105193250 105776305 106824713
 107088586 107391020 109562237 112042694 114365352 116125490 117279324
 117400392 118921762 118926785 119758796 122050008 122120888 122164120
 123965999 124062661 124412442 124472027 125310321 125422095 126743909
 127229374 127718570 127774617 128621782 129300682 130528105 130796222
 130975282 131567317 131994408 132215011 134042964 134839117 135129402
 136251301 136527075 138129106 138976773]
Item 'knvr' found at indices: [     1000   2054307   3026620   3406163   3583544   5496851   5765269
   5949853   7251621   8539035   8732602  11557078  12548644  12833204
  13191237  15766898  16573316  17646845  17923886  18636304  22477089
  25330936  25367836  25642430  29540475  29709374  30442116  30913596
  32837907  33163221  34322929  34334871  34823191  35882795  37032365
  37032595  38190006  38785582  39309064  39466733  39672978  40382330
  40979918  42995761  43732011  43850858  43869348  46919922  47256468
  49950611  50979454  51834756  54096550  54845780  56132024  56530870
  57153231  57686977  58289352  58409405  59680781  59714562  60247314
  60750049  62061223  62402418  64785772  65813376  68405190  69549832
  75183958  76189075  79137342  86045294  86081442  87690268  88309176
  88918709  90055989  92228114  92450804  92699077  94021546  95045496
  96295884 101838307 102661332 103537050 106647847 109249681 109900394
 112107570 113157534 114428056 116382586 117142417 121572217 122776432
 124855724 125402877 125470077 126788948 130110100 130982882 131088460
 131739888 131965868 132006199 133586634 137802983]
Item 'knvwadg' found at indices: [   510682   1317417   2044651   2238175   3429312  12877446  13325783
  22779371  25059229  25885834  29936971  32516876  32929444  33300800
  36491086  37334880  38126409  40908887  46739552  48788784  48837346
  49789645  54289429  55458600  58201060  58218988  60457644  61213269
  63917444  67600345  72600895  73661000  73910429  77720172  79223158
  85022620  85673076  85895597  92800238  93808601  97283795  98294022
 102376435 102820017 105143950 106582194 106880722 107599016 107607291
 108596094 110193701 115863429 119254332 119444333 126321157 126990379
 132971606 133860824 135858151 135875600 136589156 137727144 139577641]
Item 'knvnrqfjs' found at indices: [  5495864   6834202   8566454  11793083  15162163  16937242  19002528
  21171618  21602912  22774250  25302168  27077926  27928975  31853602
  33564142  35026768  35419568  35843791  36490163  37997315  38995339
  42527882  44381923  47416669  48140079  50785231  52108933  55145992
  55316740  55482889  55760183  59482933  60547017  61117941  63720309
  70876976  74304709  74438406  75376646  77619975  79034610  82347717
  82690526  88798244  92656388  93155046  96326177 100107514 108340627
 112725686 114969304 121756636 122395898 125300729 128643664 131804995
 132139982 132448863 133231761 139599849]
Item 'knvc' found at indices: [   118440    400057   1055638   1985429   2019059   2606772   2647187
   3883738   4598350   7076424   8124250   8221673   8381848  11040305
  11193247  12227546  12549807  12720080  13404687  13733266  14329128
  14450180  14977578  15387207  16451356  16837833  16925807  17125508
  19291331  19418370  19516837  21771217  22137832  22276491  23714934
  24536614  25352168  27260866  27516885  28943668  32243025  32472374
  32877231  33387607  33904854  34350442  36102030  36321904  36715556
  36792158  36917729  37934920  38002754  38273236  39340602  39699144
  39999060  40066794  40279265  40365175  40892150  41215840  41291017
  41435757  42355330  44437369  45649474  45656512  47044227  48227385
  51654553  52276117  53488829  54234985  54397706  56469545  56669504
  58631146  59533397  59783477  59834424  59883839  60120185  60977357
  61816057  61855089  62013714  62110389  64791869  65223587  68701164
  69226695  69303163  70632274  70654607  71097486  71603462  72619887
  72752859  73326276  73776916  74002595  74445085  74696956  75357406
  76289279  76782149  76907959  78124881  78847973  79028304  80603519
  81491570  83037700  83247384  84726440  88002216  88697888  90439379
  90793096  91058428  91572578  93575776  94800183  96296045  97521225
  97796398  97931100  97981734  97994759  98385554  98653729  98942421
 102199700 102302607 103623938 104629131 106233466 107698010 108618519
 108874607 109110421 109451000 109490450 109983338 111457180 111699799
 111747581 111764464 112391629 113409372 114833809 119310692 119864008
 121817525 124173129 124216860 125626690 127507216 127663237 128561533
 128717960 129394157 129685716 130168811 130497760 131279113 131335263
 131772684 131977822 133008691 133730323 134062816 134285583 134630034
 134631952 134985137 135939698 136922521 136991327 137704828 137729000
 138424102 138948638 139395124]
Item 'knvzsb' found at indices: [   106176    398655   1497973   1764144   1787173   2350587   2500945
   3374146   3951526   4014036   4550884   4687254   5360768   5851255
   5950736   6046130   6710438   7063708   8705516   8849528  10455198
  11226053  11412391  11428438  11754437  13050268  13301435  13332389
  13351162  13696562  13971690  14423368  15640978  16576157  16581812
  16627401  17053648  17397665  17620993  18026633  18150909  18904511
  18920313  19258868  19532742  22380278  23893233  24197911  24912774
  25165959  25718814  27380891  28606012  28822011  28874991  29029252
  29050029  29179665  29346752  29642185  29913365  30231366  30388084
  30507462  30609854  30839990  31229776  32309296  33432445  33788151
  33888617  34481504  34562205  34921884  35183793  35753590  37399149
  37537055  37893801  38221357  38647447  38656768  39032691  39517576
  39531927  39644283  40035006  40333002  41231358  41468178  41683315
  42055445  42744484  42873497  43071985  43261633  43426440  44174472
  45600780  45749705  46149638  46767279  46829358  47721821  48272685
  48639691  48725080  48783475  49190317  49837602  50085845  50890562
  51491166  51605739  51772550  51934899  52328702  52620166  53028232
  53073656  54453792  55214506  55726544  56150267  56424345  56428249
  58004747  58037062  58063447  58398221  58651016  59490963  60224056
  60436764  60572418  60611600  61576134  61821338  63066671  63744206
  63750036  63897472  63927209  64209446  64370247  64564685  64833858
  65836702  66058814  66202386  66492058  66521100  67347527  68313702
  68334216  68357084  68741465  68810470  68860212  69785200  70961636
  71053381  71345238  71524169  71787851  72246096  72408861  72479629
  73347057  73440894  73699405  74011068  74407516  75668821  75835508
  76294223  76465477  77186612  77213970  77258391  77325894  77401407
  77723985  77785847  77814004  78054265  78330795  78462287  79117328
  79172727  79254783  79435046  79490129  80692740  80817837  81348961
  81496965  83271201  83933266  84638826  85269121  85366536  87147793
  87585193  87647669  87704722  88979549  89070905  89241243  89316878
  90147402  90657061  91254725  91620559  91681754  91700392  91832420
  92357463  92956765  93024296  93206213  93383653  93670288  94110095
  94936633  95710795  95991382  96113200  96269020  96442028  97027722
  97331863  97722771  98135687  99266523  99339185 100027765 100444606
 100743463 101110070 101952221 102157042 102887486 102931726 104143561
 104467035 104612255 104659504 104981940 105626405 106128376 106898361
 106937268 106973581 107193605 108838877 108887511 109183848 109544787
 110007363 110296524 110512365 111402406 111402935 111492800 111561338
 112207343 113258689 113263203 114532302 115664957 115940710 116027513
 116692227 116758638 117234789 117508525 117976393 118022882 118836764
 119158094 119165294 119211783 119866122 119873906 120546582 121197555
 121199206 121303303 122440169 123990501 124577853 126360331 126581426
 127094048 127353845 127694694 127971693 128123145 128142145 128224320
 129577805 129784959 130335510 130749745 130805591 131037034 131518902
 131766304 132079475 132137748 132214708 133210229 133513677 133898892
 134105028 134470480 134586451 134839005 135957042 135986528 136090170
 136126988 136395940 136478136 136539371 136740586 137424480 138856933
 139614428 139683893 139686461]
Item 'knvalgi' found at indices: [  1773718   3269142   4886032   4926702   5866524   8899499  12495845
  12726075  16320934  22278586  24153182  25309438  26263234  27718570
  28069252  32512361  35047542  35556491  36466297  38875085  40143986
  42986485  43027488  43080628  45791997  46738347  48556978  48874445
  50373334  50391021  53915142  54025147  57807907  60765669  66146668
  67023208  67391299  68481994  68789682  68827012  69592998  72796563
  73466877  75488271  76186071  76435244  76982687  78158542  80830574
  81316974  82458981  83322826  86105364  87627930  89276551  91427244
  99574600 102666727 103105848 103857824 103930890 106685484 109259205
 113340208 113914837 114027337 118124087 120099962 120244457 120331011
 125460146 127200069 128775988 130195346 130281105 130430570 132750465
 132940878 133459991 134923513 135725730 136771361 137224882 138774261]
Item 'knviovi' found at indices: [  1990941   2447111   2971986   3934508  10166899  13872588  16684179
  16761844  17148730  21894256  22997781  24639533  24827243  25169392
  25889823  25913739  25926815  29121463  35034064  35049852  35572578
  39007750  40893660  42479862  44108578  47163099  47259441  49227246
  49570155  50493809  53039628  53107950  56807478  58492206  59814392
  60430752  60551589  63673842  64680009  66568738  68291854  69771918
  69893172  70781957  71059477  71311788  71456903  73370281  73634708
  76453008  77253815  79392018  80511541  82036107  84266462  88112226
  88244930  88737950  88967649  90416562  90880030  91983628  92253748
  94868246  96560102  98866674  99837695 102521055 104043946 104497151
 106155260 112175391 112419397 112473923 113578100 115427599 115702478
 116560342 119486044 120306871 120346873 121880669 122261514 123947915
 125918829 127507358 128032930 129684517 130773929 133498674 133627775
 134106504 136039405 139605261]
Item 'knvlkow' found at indices: [  1104308   1521374  11770558  12863763  13003937  15719715  16050950
  17057424  19952842  20126173  21443337  22461597  22578011  27677811
  28930673  31728028  32234880  33111846  36029774  37702335  37922135
  42298584  44001024  46074275  46532408  46976536  48623897  48674161
  48737383  50477156  51280357  51801921  53094210  56949891  59265169
  59622999  60018513  60243918  60390385  62591479  65422569  72235342
  73740686  74594789  75167425  79612347  79739689  79762209  85713833
  87561827  88162535  91668212  92517858  93226739  96130973  97896379
  98381558 101174744 102745574 105300909 106168642 110723660 114113949
 115286797 116238521 116263981 116761016 122735533 125588764 125841972
 126786831 127436256 128240043 129396150 129886198 130944601 130958817
 135337842 135771323 136339835 138676770 139482257]
Item 'knvy' found at indices: [   734308   1627712   4854503   5799968   8739242   9668174  10309803
  11475640  12260380  13072828  13379881  13966128  15208858  15325114
  17794524  19372693  19630077  20347685  20549064  20655678  20928171
  20978437  21241895  22019251  23884699  23925935  25193212  27966231
  28194229  28779710  29899883  30712974  32918643  33324351  37133271
  37946564  38453002  40607101  42201293  45320897  48709537  50508023
  53777130  54693082  54862988  55440755  59451909  59596275  61416468
  65385865  65705192  65985571  67527143  68558782  68868339  69631293
  70044241  70230391  70387220  70440958  70917316  72310891  72555355
  74406696  74846410  74983967  75767071  76647667  77799134  79806638
  80968034  81451397  81465525  81775445  82989878  83180506  85028404
  85422316  85425765  86494763  88401000  88830848  91911231  92340013
  93291695  94954297  97107330  97120384  97833509  98932839  99312237
  99741801 100312567 107318563 111054856 111795646 112585404 112839728
 113547833 115134827 115629726 115773221 116494460 116559307 117194123
 117268283 119960883 120825713 121124135 121425364 122646275 123619186
 123671532 123846149 124126248 124604654 125040230 125803057 126549789
 127343894 128243721 137589107]
Item 'knvhiqojo' found at indices: [  1193488   1383118   1450526   2648913   4687195   4979388   7354035
  12187033  15187753  16948151  17724496  18961259  20489066  21009307
  21543319  23817987  26333940  32586135  33214405  35695308  36023967
  37467500  47333071  53364811  53976436  54803019  55897959  61067259
  64225469  64238594  69487871  71862774  72565172  73985467  74080056
  80127404  80300647  80955863  84290426  85555459  87186259  87269553
  89861824  92634533 102376866 104187282 104980760 106347654 108631625
 115678199 116747842 119528911 122268306 122953050 125582486 125797858
 131160763 133421431 136672385 138445555 139408749]
Item 'knvpvmowa' found at indices: [   773037   1009776   2010858   2725782   4236678   4512492   4704161
   5364408   5765620   9098080  11073934  13345551  13449072  14564628
  14931505  17766312  18819344  18979453  20698226  21937230  22125299
  23912321  24077190  24744280  27314476  27880503  27940035  29286851
  32385198  33006782  34261315  35528721  37227470  38631766  41575454
  45058267  45398340  46289763  46909391  46938980  47228129  50596044
  51096116  52660942  54446263  54940269  56302355  57251042  57506323
  59010411  61003937  65636607  69048658  69255637  73347375  73619198
  73992042  74525185  74715072  78816451  79510810  79539447  79837364
  80813042  81689156  84167378  84674062  86098727  86264624  86382223
  86500435  87582388  91061631  91720197  92363566  92783219  94520931
  96165139  96747939  98001000 101229421 102307599 103296141 103867074
 108575434 109218316 109566266 112808450 114730265 117091421 118260919
 121739161 122097552 122189770 122652564 123075629 124169865 125301498
 125682088 125690106 131349439 133695580 136392042 139347039]
Item 'knveltcj' found at indices: [  9474651   9826789  11576991  13282138  14214659  14938279  17324127
  19287503  20051478  21304518  22288696  22837154  26174007  26501740
  27560813  29694169  33348197  34452292  34930917  35968738  38723825
  39844661  41477144  41654543  43209368  44003185  44364603  46308065
  50748320  53354175  53550282  60227563  60913572  61092181  63104777
  63828550  64514816  64612344  66236088  67604824  72410487  75133848
  75832969  79459507  80829291  86839349  90323281  92556391  92776407
  94039810  98112853  99790885 101635715 102258617 106462372 108505964
 114300406 118782140 126290939 126952376 128299133 128580592 129327637
 133578729]
Item 'knvja' found at indices: [  2269503   7629092  13652909  14469413  21214865  22177647  24814823
  25400404  26033541  26414799  27560295  29642914  29952943  35650430
  40558874  41143170  45365944  47375079  48402553  50888615  50976786
  53822421  55798452  56527079  59404138  60500120  60535441  62954973
  63000779  63573754  63892843  64072292  65800928  66615095  66670771
  67903954  68791496  69128967  70488416  76322078  77944729  79528172
  85208311  85632112  86458213  92758012  95169691  95464958  96940576
  98960428  99261132 103259872 103691424 103731574 108694949 110702377
 111681622 113710323 118327612 120553382 122102764 125655441 128572816
 129193098 130397995 131060251 135874954 138368881]
Item 'knvt' found at indices: [  1297525   2154174   2695955   2916955   3590276   6417109   7933546
   8778412  11544202  14613393  15395969  16600796  16923562  17417718
  17641789  18647851  20177049  20196442  21137762  27346528  28534318
  28732408  28967801  28982227  30045828  31590375  33664330  34555145
  34607392  34651318  36127629  37639324  38557778  39400999  39885797
  41266682  42116958  42332994  43180055  43556571  47355484  50654193
  51655527  51832989  52484438  59223457  59547911  60154235  60646737
  61983544  62291989  63126237  66292440  66313736  68853971  71285677
  72257170  72662797  72855865  74781573  75104910  77940201  78786721
  79520185  81301902  81677249  83496827  85314091  86120264  88814492
  89035133  89119328  92409526  92879864  95661807  97519676  97892691
  98850799 100672886 101245888 103181782 103642440 104199691 104467306
 107159716 107400749 107646790 108314426 108635743 108771944 110185936
 110734263 110998049 114035808 115724450 116933690 117158671 118278861
 118811256 120151870 121153503 121591939 124532115 125029345 126743562
 128106376 129352285 134102838 134399702 134459861 134663516]
Item 'knvysave' found at indices: [  1617310   3487501   4012815   5039185  15535698  18027062  20447523
  20550740  25456003  27178792  32467044  36873855  42280467  48461147
  48805948  48955617  49687353  49874637  50948233  55149870  60398252
  61820101  62263457  65362781  66274803  69804365  70180331  71032121
  72884795  73171208  76272329  77170000  78238218  80303228  80727796
  82074971  83913393  86405085  88272845  93210395  94712431  95162835
  96588183  97126698  98397654 100011107 100120524 100458249 100894867
 100920818 102468246 104090196 104995331 107897196 109138930 109761561
 110547924 115813541 115967774 118697766 119619377 120133500 123737162
 124612086 124958733 125346183 126496255 128108996 128750703 128924590
 130213153 136052735 137337605 138577305 138890977]
Item 'knvhaz' found at indices: [  3021247   3700170   4099353   5367576   5620579   6562299   9901509
  10989447  11894656  11909849  12401241  13075004  13699056  14824018
  16313619  16554333  19961100  20398217  21094894  22290245  29432690
  29698805  29743543  30210422  36727747  37042430  37052917  37805071
  38573183  40650658  40945040  41326870  43208848  44082262  48661077
  49536939  50301244  51441912  51477795  51895055  55297488  55994267
  56701243  59436454  59809660  62763077  63358218  63840896  68765390
  69728974  71726329  72865362  77100548  79940806  81904384  82033820
  82553835  83464471  84183064  84330398  84892635  90701927  91198636
  92997388  95800645  97673793  98322284  98915695 100489046 101853467
 105280747 105837184 105840425 109771014 110429183 113570804 115197457
 116928374 117169154 117789320 118725105 118770664 119919302 120779697
 121485142 121963890 123080065 124431114 125702227 128657138 131301201
 133343560 136272202 137420233 139038404 139591717]
Item 'knvtea' found at indices: [   353030   1611491   1741399   1918356   9250386   9636288  12036297
  12605979  13205292  14034435  17675786  17718458  18795016  19604690
  20787253  21427561  23287772  23382788  23929745  24205461  29999562
  30991794  31865378  32253089  32709010  34013983  35816183  36820651
  38007393  38076909  38950352  39313779  40918873  44652299  50140165
  51290169  53117861  54514851  54887593  55224383  55615263  55648519
  56478626  56808743  57866947  58462445  59502743  60465486  60906180
  63534384  64645156  64940076  65584880  65756802  66117325  66123979
  67302466  67321452  68140361  68829006  68920545  72059654  72300521
  72505298  72789678  73506665  75633595  76120325  77818742  79071240
  79700468  80013866  81258779  81482662  83278013  83919355  86274597
  87118635  88519568  90030014  90696205  92947257  93698604  94317965
  94518040  94947333  95043566  95271450  95913796  97667488  98487312
  98897629 102745546 103242770 103564140 104525105 104804179 105771641
 106874106 108864588 111843535 111963030 112689148 113624963 114979399
 115440265 116363748 116537995 116890887 116979330 118512651 122728139
 124956859 125104342 125390935 129959404 130537649 131421808 132059477
 132453576 138934616]
Item 'knvucg' found at indices: [   864221   1117744   2473607   3277163   4414011   5135436   5815678
   6087676   6212848   6264159   6522747   7077844   7189867   8184128
   8272838   8746582   9324299   9571103   9646667  10330124  11358626
  11843260  13584798  14043813  14457371  14713526  15015975  15839404
  16561614  16637044  16696201  17846756  18036781  18682050  20437089
  21212162  21683791  22426263  23183648  23701311  25261020  25598259
  27076268  27802563  29276782  30705106  31929363  32222976  32494467
  33042276  35091596  35351523  35356872  36957964  37257989  37441593
  38463657  38687962  41026512  43969587  44547560  44794089  45754795
  45960993  46324870  46714960  47164883  47903686  48913205  48997292
  49869940  49951056  50221455  50392880  50575670  50783819  51539772
  56284857  56927092  57038482  57896155  58007217  58762983  59291731
  60905368  60949807  61209635  62149473  63359320  63616859  64461252
  65928045  66364878  67342178  67838809  69887415  74173298  75101615
  75340587  76954015  78243554  79833841  79849318  80201625  81073110
  81441412  81992624  82129386  82280199  82627666  83344635  83441815
  83732709  83837965  84538140  84987162  85663480  86118394  86619815
  87414710  87572711  87818899  87903664  88348596  88507797  88744985
  88910577  90659678  91452712  91528926  93181079  93359092  94349569
  95639845  97421385  97756230  97778529  98433780  98455237  98771190
  99098170  99648486 100402633 100719327 101010385 101170433 101179743
 102231408 103168712 103537739 104392862 104703164 105479562 107037400
 107616819 108233282 108286211 108538593 109328936 109853460 112134456
 113003811 113070238 114549828 114757732 114788569 115558466 116204609
 116330085 116579230 117204374 117318578 118033503 118435083 119609503
 120310582 120773699 122331245 122618282 122691899 122958270 123459373
 124701753 124740008 124803818 125064969 125541274 125851650 126382478
 126881438 127275381 127682199 128047705 128127435 128491608 130553668
 130951989 131883821 133393235 134463382 135798542 135861447 136122328
 136605669 137012910 137659300 138642660 139918296]
Item 'knvu' found at indices: [  1772487   2085118   2458651   2533405   2966216   4022977   4631337
   8174587   9288029  11206498  11861726  15097651  15544827  21326257
  21378491  22704703  23931651  29186186  31554359  32891222  33847146
  34169770  35076140  37697449  38545586  45335275  47807163  49674283
  50706990  51903258  52996253  61835631  63742020  65644898  65980258
  66375280  68094216  73199094  77174409  78725487  79264820  89234957
  92872837  94030327 100304886 102157133 103124842 103890157 107232234
 107839970 109417280 110043181 112395253 112531158 122946794 126803470
 127001134 130455893 134994121 136348229 136361583 138872455 139022334]
Item 'knvredqm' found at indices: [   172538    314931    387701    710477   2055724   3201793   4028414
   5504918   6246790   6635755   7714222   8631967   9142337   9485147
   9610390  10126846  10947911  11650764  11823547  11932626  12794169
  13067794  13172810  13850294  15360088  15397360  15479541  16098048
  16246200  16711978  17753858  19343231  19601391  20199235  21383612
  21982294  22269204  22614327  23452650  23890462  23936515  23945558
  24780893  25292912  25946513  26010281  26594964  26720345  26849975
  26903947  27359869  27762992  27766606  28310245  28345333  28423334
  28547891  28577403  29023901  29921296  30331196  31217210  31752870
  32102214  33003893  33099918  33254993  33533469  33618433  33625483
  33774656  33818897  34039763  34209818  34623417  36569281  37689887
  38814858  39061382  39101284  39117015  39220272  39441234  41834371
  41922422  42550844  42651325  43197558  43256191  43699431  43973206
  44247185  44669368  44731860  44931864  45217526  45692148  45873407
  45912505  48213330  48242820  49224457  49288429  50095612  50129239
  51538937  51694351  51707109  51778361  51952754  52040589  52892597
  53815094  57170351  57790959  59586969  59650645  61038449  61266791
  61933818  62442849  63137241  63681784  63860772  64071576  65030399
  65106516  65652190  65755185  66086845  66378221  67741893  69386701
  69553410  69706586  70571163  71747740  73263719  74491857  74794385
  75247629  77007693  77149732  77238345  77662245  78710956  79385303
  79625620  79647109  79923349  80833265  81126296  82613378  82826992
  83560757  83589472  83992296  85480682  86161808  86460020  86861947
  87469643  87650567  88347270  88870518  89520304  90370452  90483719
  90963059  91423051  91902812  92243753  93076060  93911197  93937862
  94829876  95226986  96082141  97967500  98281847  98387709  99131603
  99136214  99327214 100208704 100839438 101922466 102907828 104437701
 104921946 105436911 106615140 107425125 107434130 107940183 108082537
 108648876 109002171 109386673 110206242 110240309 111194033 111417692
 112711587 112973794 113768310 114303520 114629894 115179489 116977356
 118264837 118475802 118542062 118616896 118849296 119720996 120180125
 120223805 120716224 121901226 122427905 123038549 124876857 124938587
 125685709 126981759 127527678 127749232 127898672 130256090 130371462
 130528834 131519871 131761025 131882263 132220458 132327814 132385696
 132800518 133529976 133692715 134340085 134631556 135389058 135770608
 136713087 137041860 138254629 138288381 138530053 138770885 139057060
 139570200 139991242]
Item 'knvodv' found at indices: [   893219   1555469   5023957   7167084   7813856  10642581  21454540
  25839162  29028484  30504301  31062079  31869467  34727962  36192982
  39000154  40985775  43928219  44346766  44418742  49676567  50930102
  51327858  53291696  53345596  54254001  55056897  55566063  56269821
  56782159  58022911  59074604  60200082  60290829  60645026  62291963
  64482546  67593774  67808586  68193054  70976541  74993405  77672281
  81627042  85808852  90259133  93387436  94628757  94636737  98247243
  98863079  98974103 104509633 106646060 106799680 107090525 110928818
 112239831 113222821 113711194 114510893 117638166 122196293 122957867
 128532159 128576785 129757958 134345961 135230199 136209026 136379770
 138165864 138294607]
